image_00000 231 270 250 297
image_00001 229 266 249 296
image_00002 229 263 249 297
image_00003 230 264 248 297
image_00004 229 263 250 299
image_00005 229 261 250 298
image_00006 228 259 250 297
image_00007 228 262 249 298
image_00008 228 260 250 299
image_00009 226 259 249 298
image_00010 226 257 249 298
image_00011 226 257 249 299
image_00012 225 257 250 299
image_00013 225 256 250 299
image_00014 226 257 250 299
image_00015 226 254 251 300
image_00016 228 252 250 298
image_00017 226 246 264 298
image_00018 225 246 264 300
image_00019 224 247 261 301
image_00020 226 246 263 301
image_00021 224 246 263 301
image_00022 225 246 263 303
image_00023 224 247 264 303
image_00024 223 247 263 302
image_00025 224 247 264 302
image_00026 223 248 264 302
image_00027 221 246 263 302
image_00028 221 246 265 304
image_00029 221 247 265 302
image_00030 221 245 267 304
image_00031 238 244 263 302
image_00032 240 247 265 302
image_00033 240 246 275 306
image_00034 240 244 274 306
image_00035 242 243 273 308
image_00036 241 242 270 309
image_00037 240 245 272 307
image_00038 241 243 271 309
image_00039 240 243 270 309
image_00040 240 246 269 309
image_00041 238 247 270 308
image_00042 239 242 270 308
image_00043 239 239 271 309
image_00044 242 240 271 306
image_00045 242 239 271 276
image_00046 246 238 270 274
image_00047 247 234 271 274
image_00048 248 238 270 270
image_00049 249 235 270 268
image_00050 252 235 270 265
image_00051 253 237 270 264
image_00052 253 236 270 265
image_00053 256 240 271 264
image_00054 254 237 270 262
image_00055 254 237 270 263
image_00056 256 239 269 260
image_00057 256 236 270 262
image_00058 258 235 269 261
image_00059 257 238 268 261
image_00060 258 238 268 259
image_00061 257 238 268 260
image_00062 257 239 266 257
image_00063 256 238 266 257
